30419928
15700
3002859
37367226
54947
85082
18056072
15423
89018
42192494
2970495
107635
22015576
8219743
9493600
316182
1248348
161083804
287733
9643566
10438353
327719
9598787
69080
716896
10290003
3879296
2098018
199321413
31148
408786
7037935
17275115
54584650
10557259
14952665
20129878
34300083
523568
52560
5057208
10975648
17067369
1343239923
1496
596
45239079
737284
73599190
4366266
10777
4636348
21952093
4480043
11075244
145834
1138071
10177300
5543453
15700
774389
73126
10088598
15223680
83688164
6090646
685991
6086495
1274709
91195675
3140
49483
890057
5262930
65630692
274512
1608321
1840454
1710257
4570934
81305856
24652402
29034
10767827
57695
109011
159914
14099032
65345
10884958
1628603
741908
9801664
836
8296693
7153519
9958453
313183
1205073612
248645008
78868711
31129225
4722028
85421
7590758
61261254
2889187
127368088
94949
6508887
17522010
43013341
101998
24589122
48860500
1836529
2646314
5496737
6586266
2191580
4140289
1930493
3887886
5613380
36713
3525761
509074
578025
2082370
22005222
16323044
29179952
394451
15494466
409836
68480
3359185
1313095
114975406
106487
3656843
30510
3179997
657394
5164
32309239
23515934
2165828
9378
29890686
16730632
260166
4327944
5727707
16344687
170123740
1269
2182
51395
4707270
3090150
190291129
21032
3510045
6310129
6541591
29549517
103775002
48
38415284
10781459
3690923
1951591
21848504
142517670
11689696
7332
7728
50726
162178
30959
5831
103537
194320
32140
183176
26534504
12969606
7276604
90024
5485998
5353494
39088
5483088
1996617
584578
10085638
48810427
10625176
47042984
21481334
34206710
560157
1970
1386914
9103788
7925517
22530746
23234936
7768385
46912768
67091089
1143667
6961049
1368
106146
1226383
10732900
79749461
5054828
46335
10619
33640833
44854065
5314317
63047162
313847465
3316328
28394180
256155
28047938
91519289
105275
15453
2622544
522928
24771809
13817479
12619600
